doc_id: 1
	behavior: 0.274090
	galaxy: 0.266196
	mass: 0.212198
	memory: 0.194515
	formation: 0.185674
	consensus: 0.176832
	modules: 0.176832
	transform: 0.167990
	10: 0.159149
	robot: 0.159149
	critical: 0.150307
	associated: 0.141466
	tools: 0.141466
	vehicle: 0.141466
	brain: 0.132624
	distributions: 0.132624
	mining: 0.132624
	properties: 0.132624
	blocks: 0.123782
	along: 0.114941
doc_id: 2
	mass: 0.393443
	galaxy: 0.303730
	along: 0.224825
	tensor: 0.224825
	galaxies: 0.206089
	properties: 0.206089
	trust: 0.206089
	associated: 0.187354
	memory: 0.187354
	semisupervised: 0.187354
	ecg: 0.168618
	pipeline: 0.168618
	malicious: 0.149883
	10: 0.131148
	clinical: 0.131148
	critical: 0.131148
	registration: 0.131148
	utilizing: 0.131148
	validate: 0.131148
	automated: 0.112412
doc_id: 3
	center: 0.450928
	vehicle: 0.394562
	brain: 0.310013
	community: 0.281830
	consensus: 0.225464
	behavior: 0.197281
	robot: 0.197281
	connected: 0.169098
	capture: 0.140915
	classical: 0.140915
	minimization: 0.140915
	subspaces: 0.140915
	svm: 0.140915
	track: 0.140915
	transform: 0.140915
	ch: 0.112732
	connectivity: 0.112732
	coordinate: 0.112732
	influence: 0.112732
	locations: 0.112732
doc_id: 4
	brain: 0.246309
	hybrid: 0.232995
	community: 0.213024
	speaker: 0.179739
	critical: 0.173082
	behavior: 0.153111
	consensus: 0.153111
	distributions: 0.153111
	targets: 0.153111
	microgrid: 0.146464
	tree: 0.139797
	minimization: 0.133140
	steps: 0.133140
	tensor: 0.133140
	mining: 0.126483
	trajectories: 0.126483
	cells: 0.123338
	reid: 0.123338
	exploit: 0.119826
	overall: 0.119826
doc_id: 5
	cells: 0.270965
	brain: 0.254057
	mining: 0.220629
	capture: 0.193886
	embedded: 0.147086
	lidar: 0.147086
	center: 0.140400
	consensus: 0.140400
	hybrid: 0.140400
	scrnaseq: 0.140400
	properties: 0.133714
	trajectories: 0.133714
	classical: 0.127029
	grouping: 0.127029
	lane: 0.127029
	overall: 0.127029
	partition: 0.127029
	behavior: 0.120343
	dbscan: 0.120343
	semisupervised: 0.120343
doc_id: 6
	community: 0.204721
	consensus: 0.194973
	vehicle: 0.194973
	properties: 0.165727
	behavior: 0.151104
	brain: 0.146229
	classifiers: 0.146229
	connectivity: 0.136481
	tensor: 0.136481
	connected: 0.131607
	reid: 0.129819
	ch: 0.126732
	communities: 0.126732
	hybrid: 0.126732
	overall: 0.126732
	steps: 0.126732
	faster: 0.121858
	cells: 0.112886
	galaxy: 0.112886
	along: 0.112109
